-100
-80
-60
-40
-140
-240
-340
-440
-540
-640
-620
-720
-700
-680
-660
-640
-620
-720
-820
-920
-1020
-1120
-1220
-1200
-1180
-1280
-1260
-1240
-1220
-1200
-1180
-1160
-1140
-1120
-1100
-1080
-1060
-1160
-1140
-1240
-1220
-1200
-1300
-1280
-1260
-1360
-1460
-1440
-1540
-1640
-1620
-1600
-1580
-1680
-1660
-1640
-1620
-1600
-1700
-1680
-1660
-1760
-1860
-1840
-1820
-1800
-1780
-1760
-1740
-1720
-1700
-1800
-1780
-1760
-1860
-1840
-1820
-1800
-1780
-1760
-1740
-1720
-1700
-1680
-1780
-1760
-1740
-1720
-1700
-1680
-1660
-1640
-1620
-1720
-1700
-1680
-1780
-1880
-1980
-1960
-1940
-2040
-2140
-2240
-2340
-2440
-2540
-2640
-2740
-2720
-2700
-2680
-2660
-2760
-100
-80
-60
-40
-20
-120
-100
-80
-60
-160
-140
-240
-340
-440
-420
-400
-380
-360
-340
-320
-300
-400
-500
-480
-460
-440
-420
-400
-380
-360
-340
-440
-540
-640
-740
-840
-940
-1040
-1020
-1000
-980
-960
-940
-920
-1020
-1120
-1220
-1320
-1420
-1400
-1380
-1360
-1460
-100
-200
-180
-160
-140
-240
-220
-200
-180
-160
-140
-120
-100
-200
-180
-160
-260
-240
-220
-200
-180
-160
-140
-120
-220
20
40
60
80
-20
-120
-220
-320
-100
-200
-300
-400
-500
-600
-580
-560
-540
-100
-200
-300
-400
-500
-480
-580
-560
-540
-520
-500
-600
-700
-800
-900
-1000
-1100
-1200
-1180
-1160
-1140
-1120
-1100
-1200
-1300
-1400
-1500
20
40
-60
-40
-140
-240
-340
-440
-540
-520
-500
-600
-580
-680
-780
-100
-200
-180
-160
-260
-360
-340
-440
-420
-400
-500
20
40
-60
-40
-140
-120
-220
-320
-300
-280
-380
-360
-340
-320
-420
-400
-500
-480
-460
-440
-420
-520
-620
-720
-820
-920
-900
-880
-860
-840
-820
-800
-780
-760
-860
-840
-820
-800
-780
-880
-980
-960
-940
-920
-900
-1000
-980
-960
-1060
-1040
-1020
-1000
-980
-960
-940
-1040
-1020
-1000
-1100
-1200
-100
-200
-300
-400
-500
-600
-700
-800
-900
-1000
-1100
-1200
-1300
-1400
-1500
-1600
-1700
-1800
-1900
-2000
-2100
-2200
-2300
-2400
-2500
-2600
-2700
-2800
-2900
-3000
-3100
-3200
-3300
-3400
-3500
-3600
-3700
-3800
-3900
-4000
-4100
-4200
-4300
-4400
-4500
-4600
-4700
-4800
-4900
-5000
-5100
-5200
-5300
-5400
-5500
-5600
-5700
-5800
-5900
-6000
-6100
-6200
-6300
-6400
-6500
-6600
-6700
-6800
-6900
-7000
-7100
-7200
-7300
-7400
-7500
-7600
-7700
-7800
-7900
-8000
-8100
-8200
-8300
-8400
-8500
-100
-200
-180
-280
-380
-480
-580
-680
-780
-880
-980
-100
-200
-300
-280
-380
-480
-580
-680
-780
-880
-980
-1080
-1180
-1280
-1380
-1480
-1460
-1560
-1660
-1760
-1860
-1960
-2060
-2160
-2140
-2120
-2220
-2320
-2420
-2520
-2620
-2720
-2700
-2800
-2900
-3000
-3100
-3200
-3300
-3400
-3500
-100
-200
-180
-160
-260
-240
-340
-320
-300
-280
-380
-480
-100
-80
-180
-280
-380
-480
-580
-680
-780
-880
-980
-1080
-1180
-1280
-1380
-1480
-1580
-1680
-1780
-100
-200
-300
-400
-500
-600
-700
-800
-900
-1000
-1100
-1200
-1300
-1400
-1500
-100
-200
-180
20
-80
-180
-160
-140
-120
-100
-200
-180
-160
-140
-120
-100
-80
-60
-160
-140
-240
-340
-320
-300
-280
-260
-100
-80
-180
-160
-260
-240
-340
-320
-300
-280
-260
-360
-340
-440
20
40
60
-40
-20
0
20
40
60
80
100
120
140
160
60
80
100
120
140
160
180
200
220
120
140
160
60
80
100
0
-100
20
40
60
80
-20
0
-100
-80
-60
-40
-20
0
20
40
60
80
100
120
140
160
60
-100
-80
-60
-40
-20
0
20
40
60
80
100
120
140
160
180
200
220
240
260
280
300
320
340
360
380
400
420
440
460
480
380
400
300
-100
-80
-60
-40
-20
0
20
40
60
80
100
120
140
160
180
200
220
240
260
280
300
320
340
360
380
400
420
440
460
480
500
520
540
560
460
